id	label
1	326792
2	348374
3	181016
4	191687
5	305760
6	326977
7	194648
8	28186
9	541301
10	198941
11	182054
12	9753
13	188518
14	189396
15	90487
16	246752
17	175537
18	194661
19	512309
20	170124
21	244304
22	352304
23	191306
24	191541
25	191547
26	195493
27	248140
28	193632
29	469991
30	199487
31	162651
32	175617
33	195102
34	119010
35	177918
36	192132
37	369502
38	165261
39	261912
40	590083
41	190597
42	335530
43	302160
44	288710
45	369164
46	531978
47	212619
48	165734
49	274244
50	9715
51	86468
52	291090
53	174012
54	331820
55	82283
56	190307
57	347862
58	188900
59	188236
60	9808
61	192127
62	268332
63	199421
64	259569
65	71543
66	311477
67	353985
68	195926
69	312461
70	181892
71	177772
72	348863
73	181095
74	203788
75	158660
76	302025
77	363302
78	325608
79	179460
80	212503
81	189099
82	65355
83	127309
84	73352
85	194211
86	176115
87	190464
88	470973
89	175137
90	307981
91	176808
92	178146
93	288134
94	108747
95	322235
96	187360
97	17859
98	567197
99	196731
100	186029
101	549871
102	278234
103	301645
104	329096
105	334393
106	293221
107	316732
108	361809
109	544358
110	325969
111	361480
112	469709
113	130663
114	323253
115	223059
116	292134
117	516022
118	361496
119	524245
120	196080
121	293896
122	185451
123	184983
124	294710
125	364563
126	194745
127	206906
