OTUID	Mean	KO1	KO2	KO3	KO4	KO5	KO6	OE1	OE2	OE3	OE4	OE5	OE6	WT1	WT2	WT3	WT4	WT5	WT6
ASV_1	4.104	3.3508	5.4484	2.0956	3.601	2.726	2.943	3.9175	4.9382	3.952	2.9214	3.7447	3.1758	6.2717	6.6142	4.711	5.4307	3.84	4.1907
ASV_2	3.8206	5.7864	3.3969	6.0481	5.8214	7.4054	4.9195	1.9742	1.4902	3.5187	3.8386	2.8378	1.9829	3.4234	3.8909	2.2953	3.0216	3.9734	3.147
ASV_3	2.5544	1.71	1.2735	2.3088	2.3674	3.147	2.3149	1.8724	1.3786	3.0565	3.1462	2.5135	2.1047	2.7842	4.6805	2.7877	3.2519	3.2156	2.0657
ASV_4	2.1439	4.3142	1.1074	1.374	1.9921	3.3036	1.37	1.5886	1.7798	1.2682	1.8859	1.985	1.3365	3.0035	3.7736	1.4965	1.5636	2.9674	2.48
ASV_8	1.6852	1.5294	1.3953	1.5615	1.1128	0.4877	0.8853	1.0333	1.6139	4.5587	2.3687	1.5225	1.6113	1.6956	1.9884	1.5129	2.8536	1.2195	1.3825
ASV_6	1.6498	2.6553	1.8632	2.1033	2.3306	3.7861	2.7535	0.7557	0.7541	1.0573	1.154	1.1351	1.0961	1.4897	1.3995	1.2584	1.4607	1.3209	1.3234
ASV_7	1.6109	0.6503	0.3654	3.164	0.9632	3.3318	0.7879	0.401	3.644	2.4094	1.5427	0.5856	0.687	2.1369	2.395	1.4965	0.5826	1.5477	2.3051
ASV_9	1.3253	1.0356	2.2175	0.9091	1.1653	0.6931	1.4918	0.9038	1.3333	1.8402	1.1904	1.6577	1.2429	1.5726	0.847	1.201	1.1653	2.0121	1.3772
ASV_10	1.1733	1.0838	1.005	1.7695	1.9947	2.6259	1.7923	0.6108	0.5339	0.8118	0.8503	1.2132	0.8712	0.8853	1.5298	0.6785	0.71	1.3983	0.7558
ASV_11	1.0611	0.9483	0.9524	0.8244	0.9239	1.4374	1.0153	1.4559	1.1312	0.7049	1.2694	1.036	0.5808	1.126	1.2978	1.3816	1.1165	0.8673	1.0302
ASV_13	1.0223	0.5088	0.5011	0.9733	0.9475	1.3733	1.0424	0.5306	1.5475	1.3809	0.9019	1.4865	0.5871	1.0217	0.7505	1.1545	0.7615	1.5424	1.3906
ASV_15	0.967	0.9694	1.1655	1.1326	0.8845	0.9446	1.0234	1.1413	0.9231	0.8089	0.7653	1.2132	1.1461	0.7863	0.7089	0.8508	0.9918	0.9633	0.9871
ASV_12	0.9574	0.0963	0.3267	1.5846	0.8267	0.4928	0.5767	0.6077	2.2293	1.9616	1.4273	1.1201	0.381	0.7703	0.7766	0.6538	0.5528	1.2595	1.5896
ASV_14	0.9548	0.9032	0.8748	0.904	0.9606	1.1577	0.9666	0.7526	0.546	0.8753	0.9111	1.048	0.7807	0.9414	1.4333	1.1353	1.2764	0.8459	0.8742
ASV_16	0.8863	0.6954	0.6866	1.338	0.7086	0.3645	0.5821	0.4935	0.721	1.7276	0.8594	0.6817	0.559	1.1393	0.7505	0.6648	0.8509	2.1855	0.9441
ASV_17	0.8238	1.3126	0.8278	0.8758	1.1181	1.1217	1.5812	0.3979	0.3288	0.5662	0.6863	0.6907	0.5777	0.8986	0.8079	0.7578	0.832	0.7205	0.7262
ASV_18	0.7894	0.6924	0.897	0.4854	0.6981	0.4466	0.6011	0.7002	0.549	0.6038	1.069	0.8408	0.6089	1.1955	1.2952	0.6128	0.7805	1.3503	0.7827
ASV_28	0.7265	0.7617	0.8388	0.1387	1.1522	0.3388	0.4928	0.475	0.7934	0.442	0.7805	0.7267	0.5559	1.0457	1.1727	0.6429	0.8699	1.1982	0.6509
ASV_19	0.6882	0.6262	1.9905	0.3159	0.4593	0.3517	0.7039	0.5768	0.6848	0.2976	0.4889	1.1862	0.687	0.912	0.3023	1.6114	0.3198	0.4723	0.4008
ASV_20	0.6691	0.569	1.2043	0.2209	0.6824	0.4004	0.4332	0.2221	0.359	0.1416	0.5527	0.3453	0.3341	0.6713	0.7688	0.2927	0.3686	4.1682	0.3093
ASV_33	0.6034	0.6232	0.4983	0.3673	0.3832	0.2233	0.5063	0.8236	0.537	0.546	0.5466	0.7087	0.8182	0.5937	0.5473	0.9192	0.6856	0.6911	0.8419
ASV_25	0.5791	0.3492	0.371	2.9277	0.1549	0.0821	0.1868	0.7897	0.4434	0.2196	0.5466	0.5075	0.3747	0.3771	0.0756	0.7988	0.6612	0.5551	1.0033
ASV_21	0.5732	0.4365	1.0216	0.5085	0.3123	0.2593	0.379	0.5059	0.5882	0.4507	0.4677	0.5766	0.4934	0.5723	0.8261	0.5444	0.7886	0.998	0.5891
ASV_22	0.562	0.5901	0.5648	0.7987	0.6325	0.5827	0.5875	0.7958	0.4676	0.4247	0.5163	0.5526	0.6776	0.4145	0.4587	0.6347	0.4336	0.435	0.5487
ASV_26	0.5459	0.5058	0.5011	0.3108	1.0341	0.1591	0.0839	0.6755	0.8265	0.9013	0.2764	0.5586	0.3935	0.9976	0.2007	0.4623	0.2439	0.0267	1.6677
ASV_31	0.5412	0.5238	0.4651	0.4571	0.7165	0.1463	0.6877	0.5367	0.5852	0.6616	0.574	0.6577	0.4091	0.6499	0.4795	0.5827	0.4932	0.7232	0.3927
ASV_24	0.5376	0.5329	0.4402	1.2764	1.2966	0.8727	0.6985	0.3208	0.1931	0.4362	0.2946	0.3934	0.4934	0.2888	0.6046	0.3173	0.5908	0.3229	0.3039
ASV_23	0.5354	0.3673	1.2181	1.3072	0.2362	0.4903	0.7933	0.2283	0.2443	0.2051	0.4009	0.5105	0.2155	0.4252	0.602	0.342	1.336	0.4003	0.3147
ASV_27	0.5207	0.575	0.6893	0.5213	0.3123	0.3953	0.5496	0.7927	0.4827	0.4218	0.4282	0.5706	0.6558	0.452	0.4691	0.6347	0.5013	0.3149	0.6052
ASV_29	0.5121	0.3402	0.3101	0.8912	0.4987	0.9959	0.6552	0.327	0.537	0.2629	0.3675	0.5105	0.2092	0.4761	0.5994	0.3119	0.5013	0.8886	0.5353
ASV_30	0.4992	0.5208	0.3294	0.4392	0.5302	0.5211	0.7689	0.4103	0.3318	0.6211	0.8746	0.4204	0.3123	0.5055	0.5212	0.5499	0.4742	0.4029	0.4519
ASV_32	0.4844	0.5359	0.4208	0.375	0.3674	0.3003	0.4061	0.6663	0.4284	0.4276	0.4859	0.5375	0.6089	0.5135	0.5785	0.6621	0.4173	0.3709	0.616
ASV_34	0.4792	0.283	0.6257	0.2465	0.5302	0.0513	0.1895	0.5059	0.3741	0.4016	0.5527	0.5165	0.3092	0.7863	0.9434	0.6402	0.6179	0.6858	0.3658
ASV_35	0.4726	0.4426	0.4153	0.5599	0.517	0.4004	0.3628	0.3671	0.2594	0.494	0.4646	0.5225	0.4528	0.4734	0.5499	0.5663	0.5122	0.5284	0.6186
ASV_36	0.4678	0.5841	0.1827	0.2671	0.6483	0.5108	0.9828	0.1943	0.1116	0.8176	0.5527	0.2913	0.2873	0.666	0.86	0.3283	0.4146	0.4296	0.2905
ASV_43	0.4619	0.4365	0.3405	0.1053	0.147	0.1155	0.2735	1.6441	0.5882	0.8782	0.8746	0.4114	1.7175	0.1311	0.0469	0.2052	0.1301	0.0747	0.1937
ASV_37	0.4608	0.3914	0.2796	0.3441	0.1391	0.3645	0.3141	0.5737	0.3952	0.3409	0.4009	0.5315	0.5746	0.4039	0.5916	0.818	0.5501	0.6244	0.6563
ASV_52	0.4497	0.2679	0.6174	0.5522	0.2388	0.2336	0.3195	0.4164	0.4223	0.6182	0.3796	0.5405	0.3622	0.4333	0.6463	0.528	0.5366	0.4083	0.5729
ASV_47	0.4275	0.4877	0.4236	0.4803	0.5065	0.5467	0.6308	0.3732	0.2926	0.3813	0.3918	0.3874	0.356	0.329	0.3362	0.3556	0.5772	0.3923	0.4465
ASV_38	0.4221	0.3402	0.1578	0.2132	0.5617	0.3748	0.5686	0.1388	0.1026	0.6182	0.416	0.3003	0.4309	0.5857	1.6105	0.1915	0.336	0.4056	0.2448
ASV_41	0.4065	0.7015	0.4042	0.4186	0.8556	0.7572	1.0234	0.1697	0.1146	0.2513	0.1822	0.3003	0.2529	0.3022	0.3622	0.2107	0.3387	0.3816	0.2905
ASV_46	0.4042	0.3944	0.3378	0.2157	0.4462	0.1771	0.3141	0.5861	0.3288	0.468	0.4312	0.5586	0.3248	0.3477	0.5316	0.4733	0.4986	0.3656	0.4761
ASV_39	0.4037	0.5871	0.3765	0.5136	0.5617	0.9087	0.5686	0.2283	0.2353	0.2918	0.3644	0.2763	0.2529	0.2862	0.4378	0.2955	0.4173	0.3362	0.3282
ASV_42	0.4029	0.295	0.7724	0.6806	0.3307	0.4646	0.3222	0.2745	0.356	0.2918	0.3189	0.4715	0.3123	0.3985	0.5264	0.4104	0.4715	0.1494	0.4062
ASV_166	0.3954	0.3673	0.3378	0.5034	0.3123	0.5005	0.3655	0.3301	0.2896	0.4276	0.3158	0.3724	0.3497	0.3798	0.5342	0.4213	0.4688	0.4136	0.4277
ASV_45	0.372	0.3101	0.706	0.6061	0.2808	0.5134	0.2139	0.3146	0.2655	0.2918	0.1701	0.3153	0.306	0.4975	0.3544	0.3392	0.7371	0.2161	0.2582
ASV_40	0.3711	0.009	0.119	0.0154	0.1785	0.3619	0.0081	0.1296	0.8084	0.0202	0.3705	0.4805	0.3248	2.4579	0.159	0.0492	0.1219	0.6831	0.3819
ASV_48	0.3704	0.3101	0.1689	0.5111	0.3753	0.4415	0.2978	0.4411	0.4736	0.3958	0.3432	0.5255	0.637	0.1498	0.2059	0.2681	0.3469	0.4617	0.3147
ASV_44	0.3658	0.4757	0.2796	0.5855	0.5223	0.9574	0.4169	0.2375	0.1116	0.2831	0.2551	0.2613	0.1686	0.3771	0.5421	0.2572	0.1409	0.4563	0.2555
ASV_50	0.3641	0.3854	0.2132	0.3364	0.8609	0.6263	0.8556	0.0956	0.0905	0.3351	0.2308	0.1982	0.1499	0.5349	0.5004	0.2134	0.3387	0.2909	0.2986
ASV_49	0.3543	0.286	0.4983	0.4982	0.1312	0.1206	0.2653	0.3979	0.4042	0.2138	0.1397	0.2703	0.5184	0.4814	0.2033	0.3584	0.7805	0.3522	0.4573
ASV_53	0.3273	0.283	0.5011	0.4032	0.3202	0.1643	0.2491	0.3239	0.4827	0.3496	0.2581	0.3544	0.2467	0.2648	0.2606	0.3666	0.4065	0.2695	0.3873
ASV_51	0.3273	0.4817	0.3101	1.6745	0.021	0.1104	0.2166	0.1049	0.0965	1.0631	0.908	0.0811	0.0562	0.1417	0.1355	0.1997	0.0515	0.1548	0.0834
ASV_57	0.3196	0.2107	0.1467	0.262	0.0945	0.9035	0.2166	0.5861	0.3741	0.1964	0.2976	0.2252	0.1155	0.452	0.2293	0.3666	0.3116	0.1975	0.5675
ASV_54	0.3183	0.3583	0.7724	0.2748	0.2887	0.3902	0.4359	0.4935	0.4827	0.1444	0.2764	0.2432	0.3185	0.2514	0.0678	0.1888	0.1436	0.3709	0.2286
ASV_55	0.3154	0.1234	0.119	0.2517	0.2388	0.3106	0.1787	0.3362	0.2051	0.3178	0.413	0.3153	0.2623	0.329	0.6202	0.5307	0.4444	0.3709	0.3093
ASV_56	0.3059	0.4064	0.3294	0.3724	0.4514	0.5082	0.3763	0.2468	0.2594	0.1936	0.2976	0.3153	0.2186	0.2621	0.2372	0.2544	0.2331	0.2722	0.2717
ASV_59	0.3042	0.295	0.3654	0.3441	0.3517	0.3055	0.3276	0.2529	0.4223	0.2947	0.2035	0.4354	0.2061	0.2434	0.3232	0.2927	0.2656	0.3015	0.2448
ASV_62	0.2866	0.277	0.2187	0.4135	0.4147	0.5929	0.3872	0.1758	0.181	0.182	0.2187	0.2402	0.281	0.1471	0.3648	0.1505	0.2656	0.3816	0.2663
ASV_67	0.2776	0.0933	0.0914	0.1002	0.0892	0.1514	0.0866	0.3948	0.3801	0.2311	1.3089	0.2883	1.1304	0.0722	0.0417	0.0602	0.0921	0.2615	0.1237
ASV_60	0.2696	0.3583	0.2852	0.3441	0.3674	0.5673	0.3601	0.1727	0.1327	0.1964	0.2065	0.1652	0.1811	0.2327	0.258	0.2189	0.2249	0.2562	0.3255
ASV_61	0.2676	0.2258	0.2215	0.1618	0.1968	0.4851	0.2166	0.3671	0.2624	0.1993	0.3341	0.1922	0.1436	0.3102	0.3648	0.331	0.2547	0.1975	0.3524
ASV_65	0.2551	0.2138	0.2575	0.2055	0.2913	0.2156	0.287	0.2591	0.1961	0.1964	0.2095	0.6877	0.2092	0.2113	0.2684	0.2544	0.1789	0.1815	0.269
ASV_63	0.2531	0.3914	0.2962	0.3544	0.3333	0.4235	0.3926	0.1912	0.0995	0.1358	0.1883	0.2583	0.1842	0.2594	0.2345	0.1395	0.2249	0.1841	0.2636
ASV_77	0.2495	0.3011	0.1855	0.1695	0.1758	0.0821	0.1787	0.3732	0.2262	0.2398	0.2551	0.2793	0.3279	0.2113	0.2632	0.3912	0.2981	0.2135	0.3201
ASV_64	0.2446	0.1746	0.2602	0.3441	0.4383	0.3337	0.3466	0.1604	0.0995	0.1964	0.1974	0.2162	0.1312	0.1872	0.331	0.1942	0.2602	0.3949	0.1372
ASV_66	0.2421	0.2107	0.3073	0.1002	0.1312	0.1078	0.1327	0.4966	0.3318	0.2456	0.2733	0.2823	0.3654	0.2514	0.1876	0.3119	0.2114	0.1681	0.2421
ASV_69	0.2364	0.0542	0.0388	0.0103	3.1443	0.0077	0.0731	0.0802	0.0754	0.0347	0.1002	0.1051	0.0437	0.1952	0.0287	0.0137	0.0948	0.0213	0.1345
ASV_71	0.2343	0.1716	0.1716	0.357	0.2126	0.7341	0.1273	0.1234	0.2051	0.0462	0.2703	0.3003	0.1842	0.1658	0.1277	0.1587	0.2656	0.3869	0.2098
ASV_68	0.2338	0.2228	0.2492	0.2979	0.147	0.2028	0.2572	0.3763	0.2021	0.1993	0.2065	0.2583	0.1718	0.1498	0.2163	0.4733	0.1247	0.1761	0.277
ASV_72	0.2323	0.277	0.1412	0.1335	0.2047	0.077	0.2491	0.1604	0.1327	0.1791	0.1792	0.2643	0.2436	0.0936	0.331	0.2708	0.832	0.2428	0.1695
ASV_70	0.2295	0.283	0.119	0.1515	0.2546	0.1951	0.9828	0.1357	0.1086	0.2022	0.2035	0.1471	0.331	0.1444	0.1277	0.249	0.1626	0.1574	0.1748
ASV_73	0.2269	0.4275	0.2104	0.2953	0.6194	0.2926	0.5361	0.0895	0.0452	0.1473	0.1184	0.1622	0.1655	0.1524	0.1824	0.1313	0.168	0.1708	0.1695
ASV_74	0.2235	0.2288	0.2436	0.2286	0.2126	0.3003	0.2139	0.2714	0.2081	0.1618	0.1883	0.3243	0.2061	0.1899	0.2033	0.2216	0.1951	0.2295	0.1964
ASV_79	0.2223	0.3071	0.3239	0.262	0.2493	0.3465	0.4359	0.1419	0.1146	0.1473	0.1913	0.1892	0.2061	0.1471	0.1538	0.1696	0.252	0.1921	0.1721
ASV_81	0.2156	0.2107	0.072	0.2491	0.2651	0.2053	0.1922	0.0864	0.1086	0.3842	0.2429	0.1592	0.2061	0.1952	0.3205	0.2517	0.2629	0.2135	0.2555
ASV_76	0.2077	0.1566	0.1273	0.2748	0.168	0.1899	0.1706	0.1357	0.0845	0.182	0.1154	0.1802	0.2904	0.0936	0.4847	0.1149	0.7479	0.0907	0.1318
ASV_75	0.2075	0.1957	0.191	0.0848	0.1102	0.2875	0.1652	0.2283	0.1689	0.1618	0.1761	0.2673	0.2405	0.1712	0.1147	0.2243	0.4526	0.2882	0.2071
ASV_80	0.2061	0.28	0.0831	0.1027	0.1549	0.3209	0.1029	0.1296	0.2986	0.13	0.2946	0.6366	0.1686	0.1417	0.0599	0.2927	0.1572	0.2135	0.1426
ASV_90	0.2029	0.0723	0.0166	0.1053	0.1076	0.5057	0.0596	0.0956	0.9261	0.0376	0.1761	0.3514	0.1312	0.016	0.0521	0.2955	0.0081	0.4376	0.2582
ASV_86	0.1977	0.1867	0.2492	0.036	0.1102	0.0693	0.111	0.1758	0.3801	0.1011	0.0881	0.1502	0.1842	0.2568	0.3544	0.3009	0.1707	0.4536	0.1802
ASV_84	0.196	0.1264	0.2962	0.1053	0.0052	0.0231	0.9314	0.2776	0.0543	0.0838	0.4343	0.0811	0.0749	0.567	0	0.1012	0.168	0.0667	0.1318
ASV_78	0.1955	0.28	0.2049	0.1464	0.2178	0.1335	0.1841	0.1018	0.2112	0.0347	0.1063	0.3814	0.203	0.0187	0	0.2818	0.2547	0.3869	0.3712
ASV_87	0.1896	0.0993	0.191	0.2953	0.2415	0.3003	0.2166	0.1049	0.1931	0.1531	0.0911	0.4324	0.153	0.1685	0.1277	0.1778	0.1518	0.1708	0.1452
ASV_83	0.1885	0.3312	0.0914	0.1156	0.2362	0.2978	0.4413	0.0555	0.0573	0.2427	0.1063	0.0811	0.1686	0.1979	0.4065	0.093	0.1626	0.1895	0.1183
ASV_85	0.1862	0.1626	0.2907	0.131	0.2467	0.2053	0.555	0.1141	0.0724	0.2716	0.0911	0.1652	0.1405	0.1123	0.0808	0.1313	0.1003	0.3629	0.1183
ASV_91	0.1847	0.5479	0.2021	0.1772	0.3071	0	0.1273	0.2499	0.2805	0.3987	0.4039	0.2342	0.0812	0.0294	0.0391	0.0027	0.1843	0.0534	0.0054
ASV_95	0.1832	0.1656	0.1772	0.2286	0.1365	0.095	0.1354	0.0709	0.181	0.2109	0.1579	0.1231	0.1031	0.2888	0.2163	0.1915	0.1463	0.3576	0.312
ASV_89	0.1831	0.1656	0.1883	0.0976	0.0971	0.0821	0.1408	0.2684	0.184	0.1589	0.2369	0.2282	0.1999	0.115	0.2398	0.1888	0.2737	0.1921	0.2394
ASV_88	0.1823	0.28	0.4153	0.0154	0.0525	0.0051	1.2508	0.1511	0.1237	0.0982	0.2278	0.0871	0.2092	0.1417	0.0313	0.0356	0.1165	0	0.0403
ASV_93	0.1814	0.0211	0.0277	0.1952	0.1785	0.1617	0.0893	0.1018	0.2383	0.078	0.0698	0.2372	0.1593	0.1524	0.1121	0.093	0.1355	0.6111	0.6025
ASV_102	0.178	0.1295	0.1993	0.1258	0.1811	0.3286	0.1408	0.2067	0.1538	0.1416	0.1397	0.1742	0.1749	0.1551	0.1381	0.2517	0.2385	0.1441	0.1802
ASV_92	0.1753	0.0692	0.3018	0.0154	0.4173	0.0282	0.1868	0.2622	0.0875	0.1618	0.1458	0.2192	0.1187	0.1177	0.3284	0.1751	0.2629	0.1334	0.1237
ASV_101	0.1736	0.2469	0.2713	0.0308	0.0735	0.0821	0.1543	0.3177	0.1659	0.1791	0.1427	0.2222	0.3373	0.1605	0.0964	0.197	0.1084	0.1468	0.191
ASV_114	0.1717	0.1867	0.1523	0.2286	0.2388	0.2644	0.13	0.1203	0.1146	0.1242	0.1336	0.1592	0.128	0.1765	0.172	0.1888	0.1897	0.1628	0.2206
ASV_100	0.1694	0.2378	0.0498	0.0976	0.1549	0.7572	0.0677	0.0895	0.1659	0.0433	0.3462	0.2162	0.1249	0.0883	0.0182	0.1368	0.1626	0.1014	0.191
ASV_94	0.1677	0.1234	0.0498	0.0591	0.0787	0.9626	0.0623	0.219	0.2926	0.0896	0.0729	0.0931	0.0562	0.1364	0.0834	0.2626	0.1138	0.1308	0.1318
ASV_104	0.1674	0.1897	0.2049	0.2132	0.1995	0.2875	0.1976	0.0802	0.0905	0.1387	0.1488	0.1592	0.2186	0.1444	0.1746	0.1505	0.1274	0.1975	0.0915
ASV_96	0.1638	0.1746	0.1329	0.3467	0.2756	0.3337	0.2112	0.1141	0.0965	0.13	0.1275	0.1712	0.1093	0.0802	0.1355	0.0903	0.1382	0.1361	0.1452
ASV_110	0.163	0.0361	0.0997	0.1618	0.2782	0.3619	0.0596	0.2128	0.1207	0.0809	0.2035	0.1381	0.0781	0.1524	0.344	0.1888	0.168	0.1548	0.0941
ASV_97	0.1627	0.1927	0.0637	0.2388	0.084	0.4826	0.1814	0.1666	0.0633	0.1242	0.0972	0.1381	0.0874	0.1551	0.3075	0.0711	0.1138	0.1735	0.1883
ASV_106	0.1621	0.1566	0.0858	0.0539	0.0787	0.0488	0.0433	0.0679	0.1388	0.702	0.4312	0.1231	0.1624	0.222	0.0782	0.1532	0.2141	0.0614	0.0968
ASV_109	0.1593	0.1445	0.155	0.036	0.0551	0.0051	0.0054	0.1758	0.3077	0.1184	0.1336	0.0931	0.2311	0.4627	0.0599	0.2517	0.2818	0	0.3497
ASV_98	0.1586	0.1836	0.1273	0.1567	0.2152	0.231	0.3411	0.1326	0.0784	0.1473	0.0911	0.1532	0.1249	0.1364	0.1042	0.0766	0.0786	0.3549	0.121
ASV_99	0.1543	0.1355	0.0747	0.095	0.21	0.1078	0.2355	0.0771	0.0603	0.2716	0.2369	0.1351	0.0843	0.3156	0.258	0.0903	0.1572	0.1147	0.1183
ASV_113	0.153	0.0903	0.2658	0.1438	0.1758	0.1283	0.1354	0.1758	0.1719	0.1647	0.1701	0.1261	0.1718	0.123	0.1303	0.1888	0.1138	0.1174	0.1614
ASV_108	0.1506	0.1626	0.0747	0.1464	0.126	0.2156	0.1354	0.0802	0.1207	0.156	0.2885	0.2553	0.2186	0.0829	0.1225	0.1094	0.1382	0.1441	0.1345
ASV_103	0.1491	0.1535	0.1606	0.0334	0.2257	0.1643	0.4061	0.074	0.0935	0.1242	0.1093	0.1592	0.1249	0.2006	0.1355	0.145	0.1301	0.1494	0.0941
ASV_105	0.1479	0.1144	0.0498	0.1027	0.1627	0.8214	0.1516	0.0185	0.3831	0.0029	0.1245	0.0871	0.0656	0.0107	0.0261	0.0821	0.0677	0.1361	0.2555
ASV_115	0.1478	0.1054	0.2852	0.0334	0.2572	0.0205	0.1868	0.0154	0.0362	0.0029	0.0152	0.0691	1.4396	0.0027	0.0547	0.0602	0.0054	0.0107	0.0592
ASV_107	0.1464	0.1957	0.1578	0.1567	0.1837	0.1463	0.222	0.1542	0.0965	0.1213	0.1033	0.1652	0.1749	0.0936	0.0912	0.1751	0.1518	0.1254	0.121
ASV_111	0.1456	0.1204	0.1495	0.0925	0.0446	0.095	0.0758	0.1727	0.1207	0.1184	0.1974	0.1532	0.1842	0.099	0.2189	0.2024	0.1924	0.1681	0.2152
ASV_122	0.1442	0.1295	0.2187	0.0976	0.1155	0.0488	0.1327	0.1943	0.2051	0.1964	0.1488	0.1201	0.1874	0.1498	0.1016	0.1423	0.1382	0.1121	0.156
ASV_112	0.1439	0.0843	0.0443	0.036	0.042	0.0257	0.0298	0.2252	0.1297	0.3004	0.3098	0.1862	0.1031	0.1819	0.2554	0.1942	0.2331	0.1121	0.0968
ASV_117	0.1419	0.1445	0.0831	0.1464	0.0604	0.0898	0.1489	0.0709	0.2232	0.4536	0.2612	0.1742	0.0625	0.1311	0.1173	0.1477	0.1545	0.0294	0.0565
ASV_119	0.1397	0.1234	0.0803	0.1669	0.0761	0.0334	0.065	0.219	0.1629	0.1473	0.1124	0.1802	0.1374	0.1043	0.2111	0.1641	0.2168	0.1841	0.1291
ASV_126	0.1362	0.1385	0.1273	0.1258	0.1076	0.0744	0.111	0.1265	0.2293	0.1444	0.1275	0.1051	0.1811	0.1177	0.0469	0.197	0.1274	0.1441	0.2206
ASV_125	0.1358	0.0361	0.3239	0.1438	0.2283	0.0334	0.0704	0.1388	0.2293	0.0924	0.1427	0.2192	0.0562	0.0722	0.2241	0.1614	0.0705	0.0187	0.1829
ASV_116	0.1338	0.0211	0.0914	0.0205	0.021	1.3707	0.0325	0.0524	0.0573	0.0289	0.0577	0.0541	0.0344	0.1578	0.0521	0.0711	0.0108	0.2242	0.0511
ASV_134	0.1329	0.1355	0.1578	0.1669	0.1916	0.1463	0.1624	0.0895	0.0664	0.1329	0.1124	0.1321	0.1343	0.1016	0.1042	0.0903	0.1436	0.2028	0.121
ASV_118	0.1319	0.1475	0.1246	0.1002	0.1102	0.1104	0.2843	0.1203	0.0694	0.1011	0.2338	0.1051	0.2248	0.0749	0.1251	0.1012	0.0921	0.2001	0.0484
ASV_120	0.1291	0.1385	0.2242	0.2697	0.2047	0.1489	0.2328	0.0679	0.0784	0.104	0.0759	0.0841	0.1031	0.0695	0.0756	0.1368	0.1463	0.0961	0.0672
ASV_129	0.1261	0.0632	0.0747	0.262	0.1575	0.1617	0.13	0.0833	0.1327	0.078	0.1002	0.1682	0.0968	0.0615	0.0964	0.1012	0.0976	0.2028	0.2017
ASV_135	0.1235	0.0632	0.1966	0.0616	0.1207	0.0128	0.1868	0.1203	0.2021	0.0982	0.1549	0.1321	0.1249	0.214	0.0912	0.1176	0.0705	0.0961	0.1587
ASV_121	0.1231	0.1445	0.0969	0.113	0.0787	0.0308	0.1191	0.2098	0.1267	0.1271	0.1458	0.1652	0.2311	0.0963	0.0912	0.1176	0.0569	0.1334	0.1318
ASV_123	0.123	0.1746	0.1689	0.1027	0.1444	0.1566	0.157	0.1018	0.0513	0.1156	0.085	0.1321	0.1249	0.1043	0.1199	0.1395	0.1057	0.1281	0.1022
ASV_137	0.1224	0.1475	0.1495	0.208	0.1732	0.1437	0.13	0.111	0.0965	0.1098	0.0607	0.1081	0.0812	0.1043	0.0964	0.1204	0.1328	0.1334	0.0968
ASV_127	0.1217	0.1114	0.18	0.0873	0.1549	0.1258	0.1381	0.0956	0.0814	0.0664	0.1275	0.1351	0.0906	0.1016	0.1433	0.1176	0.187	0.1441	0.1022
ASV_124	0.1215	0.1535	0.0831	0.3236	0.0761	0.0385	0.0704	0.145	0.0483	0.0751	0.0972	0.1652	0.0999	0.1123	0.1199	0.1641	0.149	0.0881	0.1775
ASV_133	0.1202	0.1596	0.1301	0.0976	0.1942	0.0975	0.1462	0.0956	0.0694	0.1329	0.1093	0.1081	0.1624	0.1284	0.1016	0.1395	0.084	0.1014	0.1049
ASV_156	0.1168	0.1505	0.1993	0.1721	0.0761	0.1489	0.2085	0.1758	0.0724	0.0693	0.0911	0.1261	0.1343	0.0508	0.0678	0.0875	0.084	0.0907	0.0968
ASV_128	0.1168	0.1174	0.1052	0.0899	0.0761	0.0411	0.1029	0.1851	0.1056	0.1184	0.1093	0.1261	0.1655	0.1016	0.1329	0.1614	0.1111	0.1094	0.1426
ASV_136	0.1158	0.0963	0.0692	0.0514	0.0945	0.2028	0.0839	0.1141	0.0905	0.1213	0.164	0.1141	0.0999	0.0695	0.099	0.1724	0.2358	0.1254	0.0807
ASV_142	0.1155	0.1234	0.1329	0.0976	0.0787	0.0359	0.1191	0.2128	0.0935	0.1213	0.1275	0.1441	0.1124	0.0562	0.0886	0.1559	0.0705	0.0934	0.2152
ASV_138	0.112	0.1144	0.1218	0.1644	0.0735	0.059	0.111	0.0771	0.0995	0.1849	0.1002	0.0781	0.0531	0.1765	0.0938	0.0985	0.0894	0.1574	0.1641
ASV_130	0.1112	0.0813	0.2021	0.0385	0.1444	0.0205	0.333	0.074	0.0211	0.0607	0.1427	0.0541	0.0656	0.0267	0.0547	0.2517	0.0515	0.04	0.3389
ASV_132	0.1109	0.0181	0.0637	0.5727	0.1811	0.0616	0.1435	0.1635	0.0724	0.1127	0.0638	0.045	0.0094	0.0722	0.1147	0.093	0.0379	0.0614	0.1103
ASV_154	0.1106	0.0933	0.2353	0.0462	0.1312	0.095	0.1002	0.0895	0.1267	0.0693	0.1124	0.0901	0.153	0.1631	0.1173	0.0821	0.168	0.0374	0.0807
ASV_141	0.1102	0.2559	0.1578	0.1926	0.2047	0.1925	0.2193	0.0154	0.0573	0.0462	0.1002	0.0511	0.0312	0.0909	0.1147	0.0602	0.0542	0.0667	0.0726
ASV_153	0.1075	0.0963	0.0969	0.2465	0.0472	0.0436	0.0623	0.1357	0.1086	0.1127	0.1063	0.1141	0.1124	0.0722	0.1329	0.1286	0.1734	0.0587	0.0861
ASV_163	0.1067	0.0753	0.1301	0.0693	0.084	0.0462	0.0731	0.1296	0.1448	0.1184	0.1093	0.1321	0.1999	0.1417	0.0756	0.1122	0.0921	0.0854	0.1022
ASV_162	0.1057	0.1295	0.1246	0.1515	0.1365	0.0308	0.1218	0.2005	0.0845	0.1156	0.1093	0.1021	0.1624	0.0776	0.0365	0.1258	0.0488	0.056	0.0888
ASV_140	0.1055	0.1114	0.0997	0.1258	0.1365	0.2028	0.1652	0.1049	0.0694	0.0549	0.0941	0.1171	0.05	0.0508	0.1095	0.1012	0.1003	0.1334	0.0726
ASV_150	0.1049	0.1084	0.0969	0.1002	0.0945	0.1001	0.1218	0.0833	0.0724	0.0809	0.1002	0.0961	0.1155	0.1016	0.1042	0.1724	0.1301	0.1041	0.1049
ASV_172	0.1045	0.0933	0.072	0.018	0.0367	0.0282	0.0514	0.3054	0.1508	0.1502	0.2308	0.1141	0.4466	0.0214	0.013	0.0492	0.0244	0.0267	0.0484
ASV_144	0.1038	0.1355	0.0415	0.0488	0.1234	0.1232	0.0866	0.1697	0.1418	0.1184	0.1518	0.0841	0.0874	0.1364	0.0964	0.0875	0.0813	0.0881	0.0672
ASV_151	0.1036	0.2679	0.1716	0.0334	0.1129	0.0539	0.0704	0.1511	0.1026	0.13	0.1215	0.0811	0.0874	0.1123	0.073	0.1231	0.0786	0.0267	0.0672
ASV_148	0.103	0.1686	0.1716	0.095	0.0499	0.0462	0.0866	0.1419	0.0905	0.0809	0.0668	0.1502	0.1343	0.0749	0.0599	0.1724	0.0948	0.0454	0.1237
ASV_147	0.1025	0.1355	0.1938	0.1284	0.0604	0.0616	0.1733	0.1419	0.0573	0.0664	0.082	0.1171	0.0687	0.0455	0.1147	0.0602	0.0867	0.1708	0.0807
ASV_159	0.1025	0.1656	0.108	0.0154	0.0341	0.018	0.0406	0.0987	0.0995	0.1531	0.1427	0.1141	0.0656	0.1043	0.0886	0.2298	0.1463	0.1201	0.0995
